[7m[38;2;0;0;0m [0m[38;2;0;0;0;48;2;0;0;0m                                                                                                       [0m
[7m[38;2;0;0;0m [0m[38;2;0;0;0;48;2;0;0;0m                                                              [38;2;194;193;190;48;2;87;86;85ma[38;2;0;0;0;48;2;194;192;189m~~~~~[38;2;62;61;60;48;2;29;29;28mr[48;2;0;0;0m                                  [0m
[7m[38;2;0;0;0m [0m[38;2;0;0;0;48;2;0;0;0m                                                     [48;2;5;5;5m:[48;2;207;206;202m`[48;2;209;207;203m````[48;2;173;172;169m`[48;2;0;0;0m  [38;2;99;98;96;48;2;180;179;176mL[48;2;245;243;239m     [38;2;76;75;74;48;2;42;42;41mL[48;2;0;0;0m                                  [0m
[7m[38;2;0;0;0m [0m[38;2;0;0;0;48;2;0;0;0m                        [48;2;1;1;1m:[38;2;161;160;157;48;2;5;5;5m_[38;2;214;212;209;48;2;7;7;7m_[38;2;200;199;195m_[38;2;82;81;80;48;2;3;3;3m_[48;2;0;0;0m          [38;2;0;0;0;48;2;4;4;4m:[38;2;196;194;191;48;2;6;6;6m_[38;2;198;196;193m_[38;2;0;0;0;48;2;4;4;4m:[48;2;0;0;0m    [38;2;108;108;106;48;2;3;3;3m_[38;2;215;213;210;48;2;7;7;7m_[38;2;147;146;143;48;2;3;3;3m_[48;2;0;0;0m   [38;2;0;0;0;48;2;6;6;6m:[38;2;245;243;239;48;2;244;242;238m.[48;2;245;243;239m    [48;2;202;200;197m:[48;2;0;0;0m  [38;2;243;241;237;48;2;66;66;65m`[38;2;245;243;239;48;2;89;88;87m~~~~~[38;2;0;0;0;48;2;21;21;21m:[48;2;0;0;0m       [48;2;9;9;8m:[38;2;209;208;204;48;2;7;7;7m_[38;2;175;174;171;48;2;5;5;5m_[48;2;0;0;0m                        [0m
[7m[38;2;0;0;0m [0m[38;2;0;0;0;48;2;0;0;0m                     [38;2;193;192;189;48;2;25;25;24m_[38;2;221;219;215;48;2;105;104;102my[38;2;60;60;58;48;2;212;210;207m~[38;2;196;194;191;48;2;238;236;232m`[48;2;245;243;239m   [38;2;245;243;239;48;2;244;242;238m:[38;2;88;87;86;48;2;228;226;223m`[38;2;22;21;21;48;2;197;195;192m~[38;2;75;74;73;48;2;186;184;181m~[38;2;177;175;172;48;2;238;236;232m`````[38;2;53;52;52;48;2;163;162;159m~[38;2;16;16;15;48;2;197;195;192m~[38;2;214;213;209;48;2;239;237;233m`[48;2;245;243;239m  [38;2;204;202;199;48;2;237;235;231m`[38;2;28;28;27;48;2;189;187;184m~[38;2;237;236;232;48;2;48;48;47m_[38;2;212;210;207;48;2;100;99;98my[38;2;2;2;2;48;2;216;215;211m`[38;2;245;243;239;48;2;244;242;238m:[48;2;245;243;239m  [38;2;39;39;38;48;2;222;220;217m`[38;2;205;203;199;48;2;94;94;92my[38;2;106;105;104;48;2;189;187;184mL[38;2;177;175;172;48;2;238;236;232m`[48;2;245;243;239m     [38;2;245;243;239;48;2;243;241;237m:[38;2;177;175;172;48;2;238;236;232m`[48;2;235;233;229m`[38;2;99;98;96;48;2;175;174;171mL[38;2;177;175;172;48;2;238;236;232m`````[38;2;25;25;25;48;2;184;183;180ml[38;2;177;175;172;48;2;238;236;232m`````[38;2;59;58;57;48;2;162;161;158m7[38;2;42;42;41;48;2;205;203;200m~[38;2;245;243;239;48;2;242;240;236m:[48;2;245;243;239m  [38;2;134;133;131;48;2;230;228;224m`[38;2;8;8;7;48;2;159;157;155m~[38;2;0;0;0;48;2;15;15;15m:[48;2;0;0;0m                     [0m
[7m[38;2;0;0;0m [0m[38;2;0;0;0;48;2;0;0;0m                   [48;2;1;1;1m:[48;2;151;150;147m~[38;2;245;243;239;48;2;243;241;237m:[48;2;245;243;239m        [48;2;231;229;226m:[38;2;77;76;75;48;2;191;190;186m/[48;2;245;243;239m                    [48;2;244;242;238m [48;2;245;243;239m        [38;2;245;243;239;48;2;242;240;236m:[38;2;99;98;96;48;2;182;181;178mL[48;2;245;243;239m     [38;2;25;25;25;48;2;191;189;186ml[48;2;245;243;239m            [38;2;63;63;62;48;2;183;181;178m`[48;2;0;0;0m                     [0m
[7m[38;2;0;0;0m [0m[38;2;0;0;0;48;2;0;0;0m                   [38;2;116;115;114;48;2;65;64;63mu[48;2;245;243;239m     [38;2;245;243;239;48;2;217;215;211m:[38;2;240;238;234;48;2;54;53;52m~[38;2;163;161;159;48;2;29;29;28m~[38;2;219;217;214;48;2;41;41;40m~[38;2;29;29;28;48;2;143;142;140my[38;2;155;154;151;48;2;30;30;30m`[38;2;144;143;141;48;2;93;92;90m4[48;2;245;243;239m     [38;2;98;97;95;48;2;175;173;170my[38;2;178;176;173;48;2;33;33;33m~[38;2;245;243;239;48;2;199;198;195m:[48;2;245;243;239m     [38;2;238;236;232;48;2;91;90;89m~[38;2;202;200;197;48;2;45;44;44m~[38;2;245;243;239;48;2;238;236;232m:[48;2;245;243;239m    [48;2;225;223;219m:[38;2;240;238;234;48;2;44;43;43m~[38;2;245;243;239;48;2;244;242;238m:[48;2;245;243;239m    [48;2;212;211;207m:[38;2;240;238;234;48;2;39;39;38m~[48;2;38;38;37m~[38;2;99;98;96;48;2;181;179;176mL[48;2;245;243;239m     [38;2;25;25;24;48;2;191;189;186ml[48;2;245;243;239m     [38;2;84;83;82;48;2;164;163;160mg[38;2;183;182;179;48;2;35;35;34m~[38;2;245;243;239;48;2;212;210;207m:[48;2;245;243;239m    [48;2;244;242;238m:[38;2;0;0;0;48;2;16;16;16m:[48;2;0;0;0m                    [0m
[7m[38;2;0;0;0m [0m[38;2;0;0;0;48;2;0;0;0m                   [38;2;116;115;113;48;2;62;61;60m"[48;2;245;243;239m     [38;2;245;243;239;48;2;222;220;216m:[38;2;181;180;177;48;2;65;64;63my[38;2;245;243;239;48;2;39;38;38m_[48;2;60;60;59m_[38;2;214;212;208;48;2;104;103;101ma[38;2;170;168;165;48;2;34;34;33m_[38;2;144;143;141;48;2;93;92;90m4[48;2;245;243;239m     [38;2;171;170;167;48;2;95;94;93m[[48;2;0;0;0m [38;2;99;98;97;48;2;181;179;176mL[48;2;245;243;239m     [38;2;0;0;0;48;2;47;47;46m:[48;2;0;0;0m [38;2;245;243;239;48;2;228;226;223m:[48;2;245;243;239m    [48;2;226;225;221m:[38;2;0;0;0;48;2;2;2;2m:[38;2;245;243;239;48;2;237;235;231m:[48;2;245;243;239m    [48;2;226;224;220m:[48;2;45;45;44m_[48;2;30;30;30m_[38;2;99;98;96;48;2;181;179;176mL[48;2;245;243;239m     [38;2;26;25;25;48;2;191;189;186ml[48;2;245;243;239m     [38;2;151;150;147;48;2;72;71;70mL[48;2;0;0;0m [38;2;110;109;107;48;2;196;195;191mL[48;2;245;243;239m     [38;2;0;0;0;48;2;25;24;24m:[48;2;0;0;0m                    [0m
[7m[38;2;0;0;0m [0m[38;2;0;0;0;48;2;0;0;0m                    [38;2;16;16;16;48;2;137;135;133mL[38;2;245;243;239;48;2;238;236;232m:[48;2;245;243;239m        [48;2;238;236;232m:[38;2;0;0;0;48;2;194;192;189m'[48;2;245;243;239m     [38;2;171;170;167;48;2;95;94;93m[[48;2;0;0;0m [38;2;99;98;97;48;2;181;179;176mL[48;2;245;243;239m     [38;2;0;0;0;48;2;47;47;46m:[48;2;0;0;0m [38;2;245;243;239;48;2;228;226;223m:[48;2;245;243;239m    [48;2;226;225;221m:[48;2;0;0;0m [38;2;40;40;39;48;2;155;153;151mL[48;2;245;243;239m      [38;2;245;243;239;48;2;242;240;236m:[38;2;99;98;96;48;2;182;181;178mL[48;2;245;243;239m     [38;2;26;25;25;48;2;191;189;186ml[48;2;245;243;239m     [38;2;151;150;147;48;2;72;71;70mL[48;2;0;0;0m [38;2;110;109;107;48;2;196;195;191mL[48;2;245;243;239m     [38;2;0;0;0;48;2;25;24;24m:[48;2;0;0;0m                    [0m
[7m[38;2;0;0;0m [0m[38;2;0;0;0;48;2;0;0;0m                     [38;2;176;175;171;48;2;22;22;21m`[38;2;26;25;25;48;2;141;140;138my[38;2;0;0;0;48;2;196;194;191m_[38;2;62;61;60;48;2;236;234;231m_[38;2;228;227;223;48;2;242;240;236m,[48;2;245;243;239m [38;2;245;243;239;48;2;244;242;238m:[48;2;235;233;229m:[38;2;0;0;0;48;2;224;222;219m_[48;2;174;173;170m_[48;2;167;166;163m_[48;2;233;231;228m_____[38;2;156;155;152;48;2;75;74;73mF[48;2;0;0;0m [38;2;0;0;0;48;2;159;158;155m_[48;2;233;231;228m_____[48;2;41;41;40m:[48;2;0;0;0m [48;2;218;216;213m_[48;2;233;231;228m____[48;2;216;215;211m_[48;2;0;0;0m [48;2;1;1;0m:[38;2;210;208;205;48;2;67;66;65m~[38;2;0;0;0;48;2;194;192;189m_[38;2;121;120;118;48;2;239;237;233m_[48;2;245;243;239m   [38;2;245;243;239;48;2;241;239;235m:[38;2;0;0;0;48;2;160;159;156m_[48;2;233;231;228m_____[38;2;23;23;23;48;2;165;164;161ml[38;2;0;0;0;48;2;233;231;228m_____[38;2;148;147;144;48;2;58;58;57mL[48;2;0;0;0m [38;2;0;0;0;48;2;173;171;169m_[48;2;233;231;228m_____[48;2;21;21;21m:[48;2;0;0;0m                    [0m
[7m[38;2;0;0;0m [0m[38;2;0;0;0;48;2;0;0;0m                         [48;2;1;1;1m:[38;2;97;96;94;48;2;9;9;9m`[38;2;47;47;46;48;2;4;4;4m`[48;2;0;0;0m                              [38;2;118;117;115;48;2;10;10;10m`[38;2;188;187;184;48;2;18;18;18m`[38;2;186;184;181;48;2;18;17;17m`[38;2;89;88;87;48;2;7;7;7m`[48;2;0;0;0m                                         [0m
[7m[38;2;0;0;0m [0m[38;2;0;0;0;48;2;0;0;0m                                                                                                       [0m
